.001	.03
.0010080997417879806	.03
.0010162650893929942	.02
.0010244965742052185	.02
.0010327947319189526	.035
.0010411601025674827	.01
.0010495932305582267	.005
.0010580946647081617	.015
.0010666649582795399	0
.0010753046690158924	.005
.001084014359178331	.01
.0010927945955821387	.01
.0011016459496336558	0
.0011105689973674652	.005
.0011195643194838794	0
.0011286325013867352	.005
.0011377741332214903	.005
.001146989809913629	.01
.0011562801312073765	0
.0011656457017047298	.01
.0011750871309048076	0
.0011846050332435154	0
.0011942000281335314	.005
.0012038727400046144	0
.0012136237983442417	0
.0012234538377385784	0
.0012333634979137748	0
.001243353423777598	.005
.0012534242654614006	.015
.0012635766783624285	.005
.0012738113231864786	.005
.0012841288659908947	0
.001294529978227916	.005
.0013050153367883636	0
.0013155856240457053	.005
.0013262415279004548	0
.0013369837418249451	.01
.0013478129649084581	.01
.0013587299019027104	0
.0013697352632677322	.01
.0013808297652180923	0
.0013920141297695168	.005
.001403289084785873	0
.001414655364026532	.005
.0014261137071941298	.01
.001437664859982702	.01
.001449309574126215	.01
.0014610486074474885	.01
.0014728827239075034	.005
.0014848126936551332	.005
.0014968392930772554	.005
.0015089633048492846	.015
.001521185517986105	.025
.0015335067278934094	.01
.0015459277364194785	.005
.0015584493519073537	.01
.001571072389247449	.01
.001583797669930582	.01
.0015966260221014269	0
.0016095582806124205	0
.0016225952870780871	.005
.0016357378899298138	0
.001648986944471065	0
.0016623433129330334	.015
.0016758078645307687	.01
.0016893814755197351	.005
.0017030650292528427	.01
.0017168594162379337	.005
.0017307655341957258	.025
.0017447842881182492	.005
.0017589165903277326	.01
.0017731633605359825	.015
.0017875255259042354	.01
.0018020040211034858	.005
.0018165997883753287	.005
.0018313137775932688	.015
.0018461469463245458	.01
.001861100259892447	.03
.0018761746914391214	.02
.0018913712219889244	.01
.001906690840512252	.01
.001922134543989909	.025
.001937703337477989	.015
.001953398234173271	.01
.0019692202554791737	.01
.0019851704310722158	0
.002001249798969035	.01
.002017459405593936	.035
.002033800305846982	.005
.0020502735631726604	.035
.0020668802496290823	.025
.0020836214459577546	.01
.0021004982416539153	.015
.0021175117350374214	.02
.0021346630333242455	.015
.002151953252698519	.03
.002169383518385184	.025
.002186954964723207	.03
.0022046687352394096	.01
.002222525982722885	.035
.0022405278693000182	.04
.0022586755665101248	.025
.00227697025538168	.03
.002295413126509186	.01
.002314005380130654	.035
.0023327482262057104	.025
.0023516428844943486	.015
.0023706905846362972	.02
.00238989256623105	.03
.0024092500789185383	.04
.0024287643824604504	.025
.0024484367468222265	.04
.0024682684522556926	.04
.0024882607893823845	.045
.002508415059277541	.04
.002528732573554771	.05
.002549214654451423	.035
.0025698626349146183	.065
.0025906778586880087	.035
.0026116616803992226	.035
.00263281546564802	.06
.0026541405910951734	.09
.0026756384445520455	.07
.002697310425070914	.05
.002719157943036019	.04
.002741182420255347	.04
.00276338529005317	.06
.002785767997363307	.065
.0028083319988231725	.045
.002831078762868567	.025
.0028540097698292375	.07
.002877126512025231	.075
.0029004304938639917	.075
.0029239232319382778	.07
.0029476062551248585	.08
.0029714811046840065	.1
.0029955493343598134	.06
.0030198125104812876	.085
.0030442722120643025	.055
.003068930030914351	.04
.003093787571730137	.065
.0031188464522080173	.13
.0031441083031472647	.08
.0031695747685562066	.055
.0031952475057592136	.07
.003221128185504552	.095
.003247218492073129	.085
.0032735201233880804	.07
.0033000347911252854	.095
.003326764220824756	.09
.0033537101520029287	.11
.003380874338265885	.135
.003408258547423452	.085
.0034358645616042634	.145
.0034636941773717343	.08
.0034917492058409772	.125
.003520031472796679	.11
.0035485428188119007	.14
.0035772850993678732	.145
.0036062601849747473	.16
.0036354699612933215	.115
.003664916329257757	.13
.0036946012051993025	.125
.003724526520970982	.105
.003754694224073337	.15
.003785106277781157	.17
.0038157646612712484	.11
.0038466713697512507	.135
.003877828414589457	.18
.00390923782344573	.15
.003940901640403452	.12
.0039728219261025485	.16
.004005000757873611	.145
.004037440229873058	.215
.004070142453219439	.24
.004103109556130818	.19
.004136343684063274	.185
.0041698469998505345	.265
.004203621683844714	.23
.0042376699340582165	.225
.004271993966306781	.175
.004306596014353677	.2
.004341478330055093	.25
.004376643183506656	.235
.00441209286319119	.23
.004447829676127635	.215
.004483855948021186	.27
.0045201740234146635	.205
.004556786265841064	.23
.004593695057977397	.21
.004630902801799741	.285
.004668411918739556	.34
.004706224849841282	.28
.0047443440559211784	.265
.0047827720177274855	.295
.004821511236101862	.28
.004860564232142134	.335
.004899933547366384	.33
.004939621743878321	.295
.004979631404534035	.325
.005019965133110084	.325
.0050606255544729415	.34
.005101615314749834	.33
.00514293708150092	.345
.005184593543892913	.305
.005226587412874082	.32
.0052689214213506716	.32
.005311598324364777	.35
.005354620899273608	.425
.005397991945930254	.405
.005441714286865893	.4
.005485790767473477	.38
.0055302242561929005	.31
.005575017644697695	.32
.005620173848083188	.435
.005665695805056228	.4
.005711586478126435	.455
.005757848853798981	.395
.005804485942768978	.405
.005851500780117376	.485
.005898896425508499	.37
.0059466759633891655	.42
.005994842503189409	.415
.00604339917952486	.41
.006092349152400711	.415
.006141695607417386	.51
.006191441755977848	.505
.006241590835496589	.475
.006292146109610344	.505
.006343110868390441	.49
.006394488428556944	.525
.006446282133694491	.51
.006498495354469888	.485
.006551131488851492	.505
.006604193962330305	.48
.006657686228142928	.53
.006711611767496286	.565
.006765974089794178	.565
.006820776732865685	.585
.00687602326319537	.59
.006931717276155407	.585
.006987862396239558	.655
.007044462277299037	.58
.007101520602780336	.61
.0071590410859648885	.52
.007217027470210755	.665
.007275483529196233	.63
.007334413067165427	.63
.007393819919175866	.545
.007453707951348025	.645
.00751408106111697	.6
.00757494317748598	.625
.007636298261282242	.62
.007698150305414641	.7
.007760503335133571	.67
.007823361408292923	.67
.007886728615614156	.685
.007950609080952508	.675
.008015006961565405	.62
.00807992644838296	.74
.008145371766280746	.665
.008211347174354735	.725
.008277856966198472	.715
.008344905470182525	.73
.008412497049736118	.765
.008480636103631138	.725
.008549327066268384	.725
.008618574407966153	.755
.008688382635251185	.75
.008758756291151902	.75
.008829699955494092	.75
.008901218245198947	.75
.00897331581458352	.765
.009045997355663658	.77
.009119267598459298	.77
.009193131311302326	.78
.009267593301146883	.805
.009342658413882191	.8
.009418331534647951	.73
.009494617588152204	.8
.009571521538991866	.78
.009649048391975805	.76
.009727203192450537	.85
.009805991026628616	.775
.009885417021919574	.805
.00996548634726364	.825
.010046204213468126	.74
.010127575873546546	.85
.01020960662306047	.82
.010292301800464117	.8
.01037566678745186	.805
.010459707009308351	.855
.010544427935261684	.82
.01062983507883929	.855
.010715933998226707	.85
.010802730296629402	.78
.0108902296226373	.87
.010978437670592485	.865
.011067360180959739	.83
.011157002940700097	.885
.01124737178364752	.865
.01133847259088849	.865
.011430311291144787	.89
.011522893861159317	.875
.011616226326085019	.85
.011710314759877062	.875
.011805165285688049	.915
.01190078407626656	.83
.011997177354358849	.915
.01209435139311377	.885
.012192312516491107	.905
.012291067099673056	.88
.012390621569479156	.905
.01249098240478454	.88
.012592156136941509	.885
.012694149350204683	.93
.01279696868215941	.86
.012900620824153781	.92
.013005112521734093	.915
.013110450575083778	.885
.013216641839466052	.88
.013323693225669954	.895
.013431611700460153	.925
.01354040428703032	.93
.013650078065460137	.915
.013760640173176157	.935
.013872097805416202	.89
.013984458215697694	.915
.01409772871628967	.93
.014211916678688622	.945
.014327029534098309	.93
.014443074773913284	.945
.014560059950206485	.955
.014677992676220698	.91
.014796880626863964	.945
.014916731539209149	.925
.015037553212997377	.9
.01515935351114568	.94
.015282140360258701	.945
.015405921751144481	.945
.015530705739334601	.945
.01565650044560833	.945
.015783314056521166	.95
.015911154824937615	.925
.0160400310705682	.935
.016169951180511004	.89
.016300923609797402	.925
.016432956881942382	.94
.016566059589499145	.965
.016700240394618395	.94
.016835508029612024	.97
.016971871297521365	.97
.01710933907269015	.97
.017247920301341958	.955
.017387624002162504	.95
.017528459266886533	.93
.017670435260889458	.945
.017813561223783917	.95
.01795784647002096	.97
.018103300389496337	.95
.018249932448161525	.955
.01839775218863973	.975
.018546769230846995	.955
.018696993272618128	.97
.018848434090337953	.96
.019001101539577483	.98
.01915500555573527	.94
.019310156154684087	.975
.019466563433422623	.98
.0196242375707327	.97
.019783188827841643	.96
.019943427549090034	.98
.02010496416260499	.97
.020267809180978705	.985
.020431973201952704	.955
.020597466909107482	.97
.020764301072557736	.98
.020932486549653375	.98
.021102034285685953	.975
.021272955314601133	.985
.021445260759716676	.96
.021618961834446303	.97
.02179406984302956	.965
.021970596181267323	.955
.022148552337263594	.98
.022327949892173023	.945
.022508800520954605	.96
.022691115993131537	.965
.02287490817355703	.985
.02306018902318662	.98
.02324697059985648	.975
.023435265059068105	.955
.023625084654779475	.97
.023816441740202383	.995
.02400934876860652	.98
.024203818294129827	.96
.02439986297259549	.985
.02459749556233566	.99
.024796728925021588	.985
.024997576026500826	.975
.025200049937640922	.98
.025404163835180044	.97
.025609931002584595	.975
.02581736483091354	1
.026026478819690044	.98
.026237286577779906	.985
.02644980182427721	.975
.02666403838939713	.975
.02688001021537606	.99
.0270977313573789	.985
.027317215984413765	.99
.027538478380254052	.99
.02776153294436801	.985
.02798639419285592	.975
.028213076759394707	.975
.02844159539619031	.975
.02867196497493771	.98
.028904200487788745	.97
.02913831704832787	.99
.029374329892555655	.965
.029612254379880344	.99
.029852105994117417	.99
.030093900344497212	.97
.030337653166680873	.975
.030583380323784316	.965
.030831097807410605	.98
.031080821738690655	.975
.03133256836933232	.96
.031586354082678174	.99
.03184219539477161	.985
.032100108955431715	.98
.03236011154933681	.99
.0326222200971167	.975
.032886451656454034	.975
.033152823423194235	.98
.03342135273246465	.99
.03369205705980269	.975
.03396495402229301	.975
.03424006137971424	.98
.03451739703569455	.975
.034796979038876914	.985
.03507882558409364	.975
.035362955013550426	.965
.03564938581802018	.98
.03593813663804626	.985
.03622922626515563	.98
.036522673643081774	.98
.036818497868997435	.99
.03711671819475765	.99
.037417354028152446	.99
.03772042493416997	.99
.03802595063626971	.985
.03833395101766601	.985
.038644446122622224	.965
.03895745615775503	.985
.03927300149334944	.995
.03959110266468461	.985
.03991178037337	.985
.04023505548869291	.98
.04056094904897643	.97
.0408894822629486	.965
.04122067651112276	.985
.04155455334718875	.985
.041891134499415866	.98
.042230441872066746	.995
.04257249754682283	.975
.0429173237842216	.965
.043264943025104974	.995
.04361537789208003	.975
.04396865119099112	.98
.044324785912403984	.98
.04468380523310202	.995
.04504573251759458	.995
.04541059131963757	.98
.04577840538376619	.99
.04614919864684024	.99
.04652299523960192	.995
.04689981948824616	.99
.04727969591600388	.98
.0476626492447378	.99
.04804870439655132	.98
.048437886495410434	.98
.0488302208687788	.975
.049225733049265995	.995
.04962444877628916	.96
.050026393997748025	.975
.050431594871713614	.985
.050840077768130564	.98
.0512518692705333	.985
.05166699617777601	.985
.05208548550577663	.98
.05250736448927508	.985
.052932660583605615	.975
.05336140146648366	.98
.05379361503980701	.99
.054229329431471525	.995
.054668572997201834	.995
.055111374322396565	.99
.05555776222398875	.97
.05600776575232114	.985
.05646141419303667	.995
.05691873706898457	.97
.05737976414214134	.975
.05784452541554794	.975
.058313051135262244	.985
.05878537179232718	.985
.05926151812475556	.98
.059741521119529836	.995
.06022541201461925	.99
.060713222301012504	.99
.061204983724766966	.98
.061700728289075225	.995
.062200488256347115	1
.06270429615030988	.985
.06321218475812455	.995
.06372418713251948	.995
.06424033659394195	.985
.06476066673272586	.995
.06528521141127848	1
.06581400476628362	.985
.06634708121092343	1
.0668844754371182	.99
.06742622241778343	.99
.06797235740910648	.98
.06852291595284064	1
.06907793387861814	1
.06963744730628225	.975
.07020149264823729	.975
.0707701066118189	.985
.07134332620168256	1
.07192118872221186	.99
.0725037317799465	.99
.07309099328602911	.99
.07368301145867304	.995
.07427982482564918	.99
.07488147222679337	.985
.07548799281653436	1
.07609942606644125	.985
.07671581176779302	.985
.07733719003416754	.98
.07796360130405229	.995
.0785950863434763	.99
.07923168624866253	.975
.07987344244870308	.985
.08052039670825478	.99
.0811725911302574	1
.08183006815867394	.995
.0824928705812521	.995
.08316104153230962	1
.08383462449554094	.985
.08451366330684722	1
.08519820215718905	.99
.0858882855954625	.985
.08658395853139816	.995
.08728526623848379	.985
.08799225435691074	.98
.08870496889654407	.995
.08942345623991697	1
.09014776314524917	.99
.09087793674948982	.99
.0916140245713852	1
.09235607451457119	.995
.09310413487069075	.995
.09385825432253676	1
.09461848194722003	.995
.0953848672193633	1
.096157460014321	.995
.09693631061142513	.99
.09772146969725724	.985
.09851298836894709	1
.09931091813749801	1
.10011531093113907	.995
.10092621909870474	.99
.1017436954130415	1
.10256779307444219	.98
.10339856571410827	1
.10423606739764017	.98
.10508035262855564	1
.105931476351837	.99
.10678949395750656	.99
.10765446128423156	.99
.10852643462295808	.995
.1094054707205743	.99
.11029162678360348	.995
.11118496048192711	.99
.11208552995253762	.995
.11299339380332223	.995
.11390861111687686	1
.11483124145435111	.995
.11576134485932472	1
.11669898186171472	.995
.11764421348171493	1
.118597101233767	.98
.11955770713056357	.985
.12052609368708427	.99
.12150232392466369	.985
.12248646137509314	.995
.12347857008475498	.985
.12447871461879062	1
.12548696006530266	.995
.12650337203959036	.995
.12752801668841998	1
.12856096069432957	1
.12960227127996843	.98
.13065201621247213	1
.1317102638078723	.985
.13277708293554297	1
.1338525430226823	1
.13493671405883065	.995
.13602966660042587	1
.13713147177539453	.995
.13824220128778109	.995
.13936192742241427	.995
.1404907230496112	.99
.14162866162991988	1
.14277581721889962	.995
.1439322644719407	.995
.1450980786491229	.99
.146273335620113	.995
.14745811186910268	.99
.1486524844997857	.99
.14985653124037585	.99
.15107033044866547	1
.15229396111712465	.985
.15352750287804226	.995
.15477103600870798	.98
.15602464143663689	.99
.15728840074483605	.995
.1585623961771137	.995
.15984671064343198	.995
.16114142772530193	.995
.16244663168122356	.995
.1637624074521688	.995
.16508884066710955	.985
.16642601764859036	.99
.16777402541834596	1
.16913295170296477	.995
.17050288493959798	.975
.17188391428171457	.99
.17327612960490402	.995
.17467962151272454	.965
.17609448134259992	.995
.1775208011717635	.99
.1789586738232503	.99
.18040819287193827	.985
.1818694526506373	.99
.18334254825622898	1
.184827575555855	.985
.18632463119315598	.995
.18783381259456144	.99
.1893552179756295	.99
.190888946347439	.995
.19243509752303312	.985
.19399377212391467	.995
.19556507158659492	.98
.1971490981691944	.975
.19874595495809827	.995
.2003557458746647	.995
.20197857568198785	.99
.20361454999171624	1
.20526377527092515	1
.2069263588490459	.995
.20860240892485038	.995
.21029203457349252	.985
.2119953457536071	.985
.21371245331446515	.985
.21544346900318834	.995
.21718850547202118	.985
.21894767628566209	.98
.22072109592865452	.98
.22250887981283687	.985
.22431114428485383	.995
.22612800663372784	.97
.227959585098492	.985
.2298059988758851	.985
.23166736812810892	.99
.23354381399064783	.995
.23543545858015247	.985
.23734242500238675	.985
.23926483736023935	.99
.24120282076180063	.975
.24315650132850397	.99
.24512600620333386	.995
.24711146355910005	.975
.24911300260677885	.985
.2511307536039225	.98
.2531648478631354	.98
.25521541776062046	.985
.25728259674479337	.99
.25936651934496746	.955
.2614673211801091	.965
.2635851389676632	.97
.26572011053245054	.985
.2678723748156373	.975
.27004207188377727	.975
.27222934293792733	.985
.2744343303228364	.985
.276657177536209	.965
.2788980292380441	.965
.28115703126004904	.94
.28343433061513085	.955
.2857300755069627	.97
.28804441533962966	.945
.29037750072735075	.94
.29272948350428163	.935
.2951005167343956	.97
.29749075472144393	.96
.29990035301899937	.965
.3023294684405778	.95
.30477825906984407	.95
.3072468842709004	.935
.30973550469865635	.94
.31224428230928564	.965
.31477338037076447	.945
.31732296347349764	.97
.3198931975410302	.91
.3224842498408441	.96
.3250962889952459	.94
.32772948499233834	.955
.3303840091970844	.93
.33306003436245896	.93
.335757734640691	.945
.33847728559459817	.93
.34121886420901126	.92
.34398264890229246	.925
.346768819537947	.95
.34957755743632746	.925
.3524090453864349	.92
.35526346765781414	.94
.3581410100125452	.91
.3610418597173338	.89
.3639662055556967	.88
.36691423784024924	.915
.36988614842508927	.89
.3728821307182834	.935
.37590237969445395	.895
.37894709190746667	.905
.3820164655032237	.895
.3851107002325571	.835
.3882299974642294	.87
.3913745601980385	.875
.39454459307802725	.88
.3977403024058036	.825
.40096189615396416	.875
.40420958397963064	.83
.40748357723809314	.82
.4107840889965646	.75
.41411133404804806	.725
.4174655289253137	.765
.4208468919149917	.81
.4242556430717778	.735
.4276920042327531	.68
.4311561990318227	.715
.434648452914268	.695
.43816899315141916	.59
.4417180488554455	.615
.44529585099426544	.535
.44890263240657846	.51
.4525386278170169	.56
.4562040738514222	.51
.45989920905224396	.41
.46362427389406397	.375
.46737951079924617	.37
.4711651641537132	.27
.47498148032285015	.3
.47882870766753843	.26
.4827070965603183	.25
.486616899401683	.225
.4905583706365048	.22
.4945317667705934	.155
.4985373463873895	.125
.5025753701647928	.125
.5066461008921267	.1
.5107498034872405	.105
.5148867450137494	.08
.519057194698415	.07
.5232614239486661	.075
.5274997063702619	.04
.5317723177850969	.04
.5360795362491526	.035
.5404216420705916	.035
.5447989178280003	.025
.5492116483887789	.03
.5536601209276795	.02
.5581446249454963	.015
.5626654522879047	.01
.5672228971644544	.02
.5718172561677172	.01
.5764488282925876	.02
.581117914955742	.015
.5858248200152538	0
.590569849790368	.01
.5953533130814369	.01
.6001755211900158	0
.6050367879391221	0
.6099374296936587	.005
.6148777653810023	.01
.6198581165117595	0
.6248788072006892	.005
.6299401641877965	.015
.6350425168595965	0
.6401861972705489	.01
.6453715401646701	0
.6505988829973158	0
.6558685659571432	0
.6611809319882498	.005
.6665363268124913	.005
.6719350989519821	0
.677377599751775	0
.6828641834027269	0
.6883952069645498	0
.6939710303890466	0
.6995920165435374	.005
.7052585312344732	0
.7109709432312434	.005
.7167296242901742	0
.7225349491787214	0
.7283872956998614	.005
.7342870447166764	0
.7402345801771413	.005
.746230289139111	0
.7522745617955084	0
.758367791499719	0
.7645103747911884	0
.7707027114212298	0
.7769452043790391	.005
.7832382599179196	0
.7895822875817227	0
.7959777002314984	0
.8024249140723646	0
.8089243486805942	.005
.8154764270309178	0
.822081575524054	0
.8287402240144558	0
.8354528058382867	0
.8422197578416215	0
.8490415204088748	0
.8559185374914617	0
.8628512566366894	.005
.8698401290168818	.005
.8768856094587429	0
.8839881564729556	0
.8911482322840201	0
.8983663028603368	0
.905642837944529	0
.9129783110840144	0
.9203731996618223	0
.9278279849276612	0
.9353431520292383	0
.942919190043832	0
.9505565920101194	0
.9582558549602651	0
.9660174799522647	0
.9738419721025544	0
.9817298406188837	0
.9896815988334527	0
.9976977642363204	0
1.005778858509081	0
1.013925407558815	0
1.0221379415523153	0
1.030416994950588	0
1.0387631065436356	0
1.0471768194855204	0
1.0556586813297126	0
1.0642092440647242	0
1.0728290641500313	0
1.0815187025522883	0
1.0902787247818346	0
1.099109700929497	0
1.1080122057036914	0
1.116986818467823	0
1.1260341232779914	0
1.1351547089209992	0
1.1443491689526704	0
1.1536181017364782	0
1.1629621104824848	0
1.172381803286599	0
1.1818777931701483	0
1.1914506981197757	0
1.2011011411276562	0
1.21082975023204	0
1.2206371585581255	0
1.2305240043592618	0
1.2404909310584844	0
1.2505385872903911	0
1.2606676269433503	0
1.2708787092020586	0
1.2811724985904385	0
1.2915496650148839	0
1.3020108838078583	0
1.3125568357718436	0
1.3231882072236452	0
1.333905690039059	0
1.3447099816978945	0
1.3556017853293687	0
1.366581809757863	0
1.377650769549054	0
1.3888093850564152	0
1.4000583824680972	0
1.411398493854188	0
1.4228304572143526	0
1.4343550165258645	0
1.4459729217920199	0
1.4576849290909482	0
1.4694918006248168	0
1.4813943047694336	0
1.4933932161242525	0
1.505489315562782	0
1.5176833902834055	0
1.529976233860609	0
1.5423686462966282	0
1.5548614340735094	0
1.567455410205595	0
1.580151394292435	0
1.5929502125721227	0
1.6058526979750667	0
1.6188596901781982	0
1.631972035659613	0
1.6451905877536626	0
1.6585162067064845	0
1.6719497597319894	0
1.685492121068296	0
1.699144172034626	0
1.7129068010886601	0
1.7267809038843556	0
1.740767383330236	0
1.754867149648151	0
1.7690811204325119	0
1.7834102207100084	0
1.797855382999806	0
1.812417547374237	0
1.8270976615199748	0
1.841896680799711	0
1.856815568314329	0
1.8718552949655787	0
1.887016839519266	0
1.902301188668945	0
1.917709337100133	0
1.9332422875550455	0
1.9489010508978477	0
1.9646866461804458	0
1.9806001007088025	0
1.996642450109794	0
2.012814738398606	0
2.029118018046678	0
2.0455533500501963	0
2.0621218039991436	0
2.0788244581469026	0
2.095662399480433	0
2.112636723791006	0
2.1297485357455206	0
2.1469989489583905	0
2.1643890860640207	0
2.1819200787898647	0
2.1995930680300746	0
2.217409203919752	0
2.2353696459097954	0
2.253475562842356	0
2.2717281330269055	0
2.290128544316916	0
2.3086779941871693	0
2.32737768981168	0
2.346228848142263	0
2.3652326959877286	0
2.38439047009372	0
2.4037034172232032	0
2.4231727942375993	0
2.4427998681785854	0
2.4625859163505472	0
2.4825322264037064	0
2.5026400964179185	0
2.5229108349871527	0
2.543345761304649	0
2.5639462052487736	0
2.584713507469564	0
2.6056490194759747	0
2.626754103723837	0
2.6480301337045207	0
2.6694784940343212	0
2.691100580544569	0
2.7128978003724664	0
2.734871572052666	0
2.7570233256095835	0
2.779354502650463	0
2.8018665564591956	0
2.8245609520908954	0
2.8474391664672463	0
2.8705026884726164	0
2.8937530190509513	0
2.9171916713034554	0
2.940820170587063	0
2.9646400546137057	0
2.988652873550384	0
3.0128601901200507	0
3.0372635797033114	0
3.0618646304409483	0
3.086664943337273	0
3.1116661323643195	0
3.1368698245668774	0
3.1622776601683795	0
